## load data from soil nutrient analysis
site<-c("Panoche","Panoche","Panoche","Panoche","Panoche","Panoche","Panoche","Panoche","Panoche","Panoche","Cuyama","Cuyama","Cuyama","Cuyama","Cuyama","Cuyama","Cuyama","Cuyama","Cuyama","Cuyama","Tejon","Tejon","Tejon","Tejon","Tejon","Tejon","Tejon","Tejon","Tejon","Tejon","Barstow","Barstow","Barstow","Barstow","Barstow","Barstow","Barstow","Barstow","Barstow","Barstow","hwy40","hwy40","hwy40","hwy40","hwy40","hwy40","hwy40","hwy40","hwy40","hwy40","Sheephole","Sheephole","Sheephole","Sheephole","Sheephole","Sheephole","Sheephole","Sheephole","Sheephole","Sheephole","Tecopa","Tecopa","Tecopa","Tecopa","Tecopa","Tecopa","Tecopa","Tecopa","Tecopa","Tecopa")
microsite<-c("shrub","open","shrub","open","shrub","open","shrub","open","shrub","open","shrub","open","shrub","open","shrub","open","shrub","open","shrub","open","shrub","open","shrub","open","shrub","open","shrub","open","shrub","open","shrub","open","shrub","open","shrub","open","shrub","open","shrub","open","shrub","open","shrub","open","shrub","open","shrub","open","shrub","open","shrub","open","shrub","open","shrub","open","shrub","open","shrub","open","shrub","open","shrub","open","shrub","open","shrub","open","shrub","open")

ID <- c(1,2,3,4,5,6,7,8,9,10,11,12,13,14,15,16,17,18,19,20,21,22,23,24,25,26,27,28,29,30,31,32,33,34,35,36,37,38,39,40,41,42,43,44,45,46,47,48,49,50,51,52,53,54,55,56,57,58,59,60,61,62,63,64,65,66,67,68,69,70)
N<-c(1.14,0.55,1.44,1.65,2.9,0.52,1.86,0.37,1.1,0.42,1.37,0.33,2.97,0.42,2.02,0.34,3.05,0.16,4.92,0.32,0.59,0.29,1.4,0.17,1.1,0.31,0.35,0.82,0.31,0.34,52.37,13.37,2.6,2.17,35.32,3.12,38.52,4.32,1.8,1.31,9.62,0.69,25.22,0.46,1.08,0.4,7.22,1.41,2.68,1.54,4.26,1.09,28.32,7.57,22.72,1.92,38.32,1.06,12.42,3.63,1.51,0.36,0.35,0.21,5.32,0.35,4.43,3.63,3.87,0.19)
P<-c(11.9,10.7,16.5,7.6,19.1,6.6,14.8,5.5,19.1,8.3,13.6,9.8,11.7,6.1,15.2,8.4,12.2,7.4,19.7,8.9,9.4,9.7,9.7,10.2,11,8.7,10.7,9.9,12.1,12.1,7.7,51.5,4.7,2.6,10.4,3.3,14.1,2.9,3.7,1.9,9.4,2.7,13,1.3,2.1,1.3,10,3,8.3,1.7,4.8,1,13.8,5.2,6.8,2.8,11.9,1.8,8,2.6,3.8,2.8,3.9,1,3,1,4.8,1.3,2.9,1.2)
K<-c(482,299,542,362,746,269,579,272,575,348,153,129,225,135,206,96,184,169,284,142,100,61,100,77,115,82,150,85,153,109,130,396,138,143,148,100,261,79,165,95,191,63,222,54,59,56,165,88,186,86,173,36,166,74,128,85,257,60,162,126,112,103,80,99,109,78,180,301,182,143)
gradient<- c(1,1,1,1,1,1,1,1,1,1,2,2,2,2,2,2,2,2,2,2,3,3,3,3,3,3,3,3,3,3,4,4,4,4,4,4,4,4,4,4,5,5,5,5,5,5,5,5,5,5,6,6,6,6,6,6,6,6,6,6,7,7,7,7,7,7,7,7,7,7)
site.names<-c("Panoche","Cuyama","Tejon","Barstow","hwy40","Sheephole","Tecopa")

soil.data <- data.frame(ID=ID, site=site, gradient=gradient, microsite=microsite, N=N, P=P, K=K)